0 0.290799 0.782628 0.088542 0.419753
0 0.454365 0.720018 0.049107 0.259259
0 0.209697 0.775794 0.079613 0.354938
0 0.140253 0.730820 0.047371 0.255291
0 0.361855 0.766755 0.063988 0.327160
0 0.833953 0.748016 0.052827 0.283510
0 0.924479 0.743607 0.059772 0.264991
0 0.743924 0.660053 0.023562 0.077601
0 0.865327 0.699515 0.029762 0.156526
0 0.930556 0.750882 0.041667 0.246032
0 0.965278 0.725970 0.024802 0.131834
0 0.987847 0.729718 0.022817 0.126102
0 0.677207 0.743386 0.048363 0.149030
0 0.529638 0.770062 0.053819 0.187390
0 0.589038 0.789462 0.055060 0.191799
0 0.629960 0.791887 0.047619 0.192240
